Д.б. solder, но распознался как pin
CURRENT/PREV:
mean:[148.6 161.3 162.8] / [165.4 171.9 180.2]
std:[0.1 0.1 0.1] / [0.7 0.6 0.6]
median: [148.4 161.1 162.7] / [165.5 172.  179.2]
  [145.4 159.2 163.5] [161.4 168.3 179.3]
  [146.5 160.3 164.6] [162.3 169.3 178.4]
  [146.5 160.4 164.2] [163.7 171.  178.4]
  [146.8 160.5 163.2] [164.4 172.  178.4]
  [147.  160.6 162.8] [165.  172.1 178.5]
  [147.2 160.5 162.7] [165.4 172.4 178.4]
  [148.  160.5 162.3] [165.7 172.4 178.2]
  [148.  160.6 161.9] [165.8 172.2 178.7]
  [148.1 160.4 162.2] [165.9 172.  179. ]
  [148.7 161.1 162.9] [165.8 172.  179. ]
  [148.7 161.1 162.9] [165.5 172.  179.4]
  [148.6 161.2 162.8] [165.6 171.9 179.5]
  [148.6 161.2 162.7] [166.1 172.3 180.2]
  [148.5 161.3 162.7] [165.9 172.3 180.7]
  [148.5 161.2 162.8] [165.9 172.3 180.8]
  [148.5 161.2 162.7] [165.7 172.3 180.8]
  [148.4 161.3 162.7] [165.7 172.2 180.8]
  [148.6 161.4 162.7] [165.2 171.9 180.6]
  [148.7 161.4 162.8] [163.7 170.6 179.2]
  [148.5 161.3 162.7] [164.4 171.2 179.9]

Д.б. solder, но распознался как pin
CURRENT/PREV:
mean:[148.6 161.3 162.8] / [165.4 171.9 180.2]
std:[0.1 0.1 0.1] / [0.7 0.6 0.6]
median: [148.4 161.1 162.7] / [165.5 172.  179.2]
  [145.4 159.2 163.5] [161.4 168.3 179.3]
  [146.5 160.3 164.6] [162.3 169.3 178.4]
  [146.5 160.4 164.2] [163.7 171.  178.4]
  [146.8 160.5 163.2] [164.4 172.  178.4]
  [147.  160.6 162.8] [165.  172.1 178.5]
  [147.2 160.5 162.7] [165.4 172.4 178.4]
  [148.  160.5 162.3] [165.7 172.4 178.2]
  [148.  160.6 161.9] [165.8 172.2 178.7]
  [148.1 160.4 162.2] [165.9 172.  179. ]
  [148.7 161.1 162.9] [165.8 172.  179. ]
  [148.7 161.1 162.9] [165.5 172.  179.4]
  [148.6 161.2 162.8] [165.6 171.9 179.5]
  [148.6 161.2 162.7] [166.1 172.3 180.2]
  [148.5 161.3 162.7] [165.9 172.3 180.7]
  [148.5 161.2 162.8] [165.9 172.3 180.8]
  [148.5 161.2 162.7] [165.7 172.3 180.8]
  [148.4 161.3 162.7] [165.7 172.2 180.8]
  [148.6 161.4 162.7] [165.2 171.9 180.6]
  [148.7 161.4 162.8] [163.7 170.6 179.2]
  [148.5 161.3 162.7] [164.4 171.2 179.9]

Д.б. solder, но распознался как pin
CURRENT/PREV:
mean:[156.5 166.  157.4] / [144.1 154.2 169.9]
std:[0.9 0.8 0.7] / [2.6 2.4 2.4]
median: [155.3 164.7 156.1] / [145.3 155.7 171.3]
  [153.6 161.9 154.6] [145.3 156.  171.3]
  [154.6 163.4 155.9] [145.4 155.7 171.3]
  [154.7 163.9 155.8] [145.5 155.8 171.4]
  [155.9 164.4 155.2] [145.2 156.  171.2]
  [155.3 164.6 155.9] [145.2 156.  171.5]
  [155.3 164.5 156. ] [145.3 156.  171.4]
  [155.3 164.7 156. ] [144.9 155.8 171.3]
  [154.9 164.1 155.5] [145.1 155.8 171.3]
  [155.1 164.3 155.7] [145.1 155.9 171.4]
  [147.5 156.5 150.2] [145.2 155.7 171.2]
  [155.1 164.5 156.2] [145.3 155.8 171.3]
  [155.2 164.8 156.3] [145.2 155.7 171.3]
  [155.9 165.6 157.1] [145.8 155.6 171.4]
  [156.1 165.9 157.2] [145.9 155.6 171.3]
  [156.6 166.2 157.6] [145.7 155.6 171.3]
  [156.7 166.3 157.7] [145.5 155.5 171.3]
  [157.1 166.7 157.8] [145.7 155.5 171.2]
  [157.3 166.8 158. ] [142.3 152.7 168.4]
  [157.9 167.  158. ] [137.7 148.  163.7]
  [157.4 166.6 158.2] [141.7 152.1 168.2]